%YAML:1.0
R: !!opencv-matrix
   rows: 3
   cols: 3
   dt: d
   data: [ 9.9984423077521933e-01, 5.1044453440820463e-04,
       1.7642381695432877e-02, -6.2417139840389231e-04,
       9.9997905964755551e-01, 6.4413256753609593e-03,
       -1.7638724318256881e-02, -6.4513341851079598e-03,
       9.9982361228951611e-01 ]
T: !!opencv-matrix
   rows: 3
   cols: 1
   dt: d
   data: [ -6.5713777763088519e+00, -5.9238657434693941e-02,
       8.6653375096932372e-01 ]
R1: !!opencv-matrix
   rows: 3
   cols: 3
   dt: d
   data: [ 9.9352387197304826e-01, 1.0286149507218029e-02,
       -1.1315701899571706e-01, -9.9282339889128629e-03,
       9.9994377161686754e-01, 3.7260937313964198e-03,
       1.1318898351669791e-01, -2.5785137092741370e-03,
       9.9357013103127645e-01 ]
R2: !!opencv-matrix
   rows: 3
   cols: 3
   dt: d
   data: [ 9.9137800271786658e-01, 8.9369237153007243e-03,
       -1.3072791255749786e-01, -9.3505344748214363e-03,
       9.9995303034477867e-01, -2.5504135604652355e-03,
       1.3069897946108486e-01, 3.7507997548689147e-03,
       9.9141500304818364e-01 ]
P1: !!opencv-matrix
   rows: 3
   cols: 4
   dt: d
   data: [ 1.1655852352441045e+03, 0., 4.8321636962890625e+02, 0., 0.,
       1.1655852352441045e+03, 2.5020267868041992e+02, 0., 0., 0., 1.,
       0. ]
P2: !!opencv-matrix
   rows: 3
   cols: 4
   dt: d
   data: [ 1.1655852352441045e+03, 0., 4.8321636962890625e+02,
       -7.7261154577550487e+03, 0., 1.1655852352441045e+03,
       2.5020267868041992e+02, 0., 0., 0., 1., 0. ]
Q: !!opencv-matrix
   rows: 4
   cols: 4
   dt: d
   data: [ 1., 0., 0., -4.8321636962890625e+02, 0., 1., 0.,
       -2.5020267868041992e+02, 0., 0., 0., 1.1655852352441045e+03, 0.,
       0., 1.5086303610362881e-01, 0. ]
