%YAML:1.0
M1: !!opencv-matrix
   rows: 3
   cols: 3
   dt: d
   data: [ 1.2892861416234366e+03, 0., 3.1134630964387372e+02, 0.,
       1.2901410905746188e+03, 2.5487212145119244e+02, 0., 0., 1. ]
D1: !!opencv-matrix
   rows: 1
   cols: 5
   dt: d
   data: [ 3.7933641364702431e-01, -2.0374960149551352e+01,
       1.9861220290470872e-02, 5.4552981167612889e-03,
       2.5001973588743067e+02 ]
M2: !!opencv-matrix
   rows: 3
   cols: 3
   dt: d
   data: [ 1.3021988894920892e+03, 0., 3.1519138981049008e+02, 0.,
       1.3031289610028928e+03, 2.4571425838098867e+02, 0., 0., 1. ]
D2: !!opencv-matrix
   rows: 1
   cols: 5
   dt: d
   data: [ 2.8794507399579128e-01, -2.2391125020247337e+01,
       1.8954479579008570e-02, 4.1755655336563995e-03,
       3.8636222119183350e+02 ]
